0.000000000000000e+00
0.000000000000000e+00
0.000000000000000e+00
0.000000000000000e+00
0.000000000000000e+00
0.000000000000000e+00
0.000000000000000e+00
0.000000000000000e+00
0.000000000000000e+00
-8.477105034722223e-06
-8.477105034722223e-06
-8.477105034722223e-06
-8.477105034722223e-06
-1.695421006944445e-05
-1.695421006944445e-05
-2.543131510416666e-05
-2.543131510416666e-05
-3.390842013888889e-05
-3.390842013888889e-05
-4.238552517361111e-05
-5.086263020833333e-05
-5.933973524305555e-05
-6.781684027777778e-05
-7.629394531250000e-05
-8.477105034722222e-05
-9.324815538194444e-05
-1.017252604166667e-04
-1.102023654513889e-04
-1.271565755208333e-04
-1.356336805555556e-04
-1.525878906250000e-04
-1.695421006944444e-04
-1.864963107638889e-04
-1.949734157986111e-04
-2.119276258680556e-04
-2.288818359375000e-04
-2.543131510416667e-04
-2.712673611111111e-04
-2.882215711805556e-04
-3.136528862847222e-04
-3.306070963541667e-04
-3.560384114583333e-04
-3.814697265625000e-04
-3.984239366319444e-04
-4.238552517361111e-04
-4.492865668402778e-04
-4.747178819444444e-04
-5.001491970486111e-04
-5.255805121527778e-04
-5.594889322916666e-04
-5.849202473958334e-04
-6.103515625000000e-04
-6.442599826388889e-04
-6.696912977430555e-04
-7.035997178819444e-04
-7.290310329861111e-04
-7.629394531250000e-04
-7.968478732638889e-04
-8.222791883680555e-04
-8.561876085069444e-04
-8.900960286458333e-04
-9.240044487847222e-04
-9.579128689236111e-04
-9.833441840277778e-04
-1.017252604166667e-03
-1.051161024305556e-03
-1.085069444444444e-03
-1.110500759548611e-03
-1.144409179687500e-03
-1.178317599826389e-03
-1.203748914930556e-03
-1.237657335069444e-03
-1.263088650173611e-03
-1.296997070312500e-03
-1.322428385416667e-03
-1.347859700520833e-03
-1.373291015625000e-03
-1.407199435763889e-03
-1.424153645833333e-03
-1.449584960937500e-03
-1.475016276041667e-03
-1.491970486111111e-03
-1.517401801215278e-03
-1.534356011284722e-03
-1.551310221354167e-03
-1.568264431423611e-03
-1.585218641493056e-03
-1.593695746527778e-03
-1.610649956597222e-03
-1.619127061631944e-03
-1.627604166666667e-03
-1.627604166666667e-03
-1.636081271701389e-03
-1.636081271701389e-03
-1.636081271701389e-03
-1.627604166666667e-03
-1.627604166666667e-03
-1.619127061631944e-03
-1.610649956597222e-03
-1.593695746527778e-03
-1.585218641493056e-03
-1.559787326388889e-03
-1.542833116319444e-03
-1.517401801215278e-03
-1.491970486111111e-03
-1.466539171006944e-03
-1.432630750868056e-03
-1.398722330729167e-03
-1.356336805555556e-03
-1.313951280381944e-03
-1.271565755208333e-03
-1.229180230034722e-03
-1.178317599826389e-03
-1.118977864583333e-03
-1.059638129340278e-03
-1.000298394097222e-03
-9.409586588541666e-04
-8.731418185763889e-04
-7.968478732638889e-04
-7.205539279513889e-04
-6.442599826388889e-04
-5.679660373263889e-04
-4.831949869791666e-04
-3.899468315972222e-04
-2.966986762152778e-04
-2.034505208333333e-04
-1.017252604166667e-04
0.000000000000000e+00
1.102023654513889e-04
2.204047309027778e-04
3.306070963541667e-04
4.492865668402778e-04
5.679660373263889e-04
6.866455078125000e-04
8.138020833333333e-04
9.494357638888889e-04
1.085069444444444e-03
1.220703125000000e-03
1.356336805555556e-03
1.500447591145833e-03
1.644558376736111e-03
1.797146267361111e-03
1.949734157986111e-03
2.102322048611111e-03
2.263387044270833e-03
2.424452039930556e-03
2.585517035590278e-03
2.755059136284722e-03
2.924601236979167e-03
3.094143337673611e-03
3.263685438368056e-03
3.441704644097222e-03
3.611246744791667e-03
3.797743055555556e-03
3.975762261284722e-03
4.153781467013889e-03
4.340277777777778e-03
4.526774088541667e-03
4.713270399305555e-03
4.899766710069444e-03
5.086263020833333e-03
5.272759331597222e-03
5.459255642361111e-03
5.654229058159722e-03
5.840725368923611e-03
6.027221679687500e-03
6.222195095486111e-03
6.408691406250000e-03
6.595187717013889e-03
6.781684027777778e-03
6.968180338541666e-03
7.154676649305555e-03
7.341172960069444e-03
7.527669270833333e-03
7.705688476562500e-03
7.892184787326388e-03
8.070203993055556e-03
8.239746093750000e-03
8.417765299479166e-03
8.587307400173610e-03
8.756849500868056e-03
8.917914496527778e-03
9.087456597222222e-03
9.240044487847222e-03
9.392632378472222e-03
9.545220269097222e-03
9.697808159722222e-03
9.833441840277778e-03
9.977552625868056e-03
1.010470920138889e-02
1.023186577690972e-02
1.035902235243056e-02
1.047770182291667e-02
1.058790418836806e-02
1.069810655381944e-02
1.079135470920139e-02
1.088460286458333e-02
1.097785101996528e-02
1.105414496527778e-02
1.113043891059028e-02
1.119825575086806e-02
1.125759548611111e-02
1.130845811631944e-02
1.135084364149306e-02
1.138475206163194e-02
1.141866048177083e-02
1.143561469184028e-02
1.145256890190972e-02
1.145256890190972e-02
1.144409179687500e-02
1.143561469184028e-02
1.141018337673611e-02
1.137627495659722e-02
1.133388943142361e-02
1.128302680121528e-02
1.121520996093750e-02
1.114739312065972e-02
1.106262207031250e-02
1.097785101996528e-02
1.087612575954861e-02
1.075744628906250e-02
1.063876681857639e-02
1.050313313802083e-02
1.035902235243056e-02
1.020643446180556e-02
1.003689236111111e-02
9.867350260416666e-03
9.672376844618056e-03
9.477403428819444e-03
9.265475802951388e-03
9.045071072048610e-03
8.816189236111110e-03
8.570353190104166e-03
8.316040039062500e-03
8.053249782986110e-03
7.781982421875000e-03
7.493760850694444e-03
7.188585069444444e-03
6.883409288194444e-03
6.561279296875000e-03
6.230672200520833e-03
5.891587999131944e-03
5.535549587673611e-03
5.171034071180555e-03
4.798041449652778e-03
4.408094618055555e-03
4.009670681423611e-03
3.602769639756944e-03
3.187391493055556e-03
2.763536241319444e-03
2.322726779513889e-03
1.881917317708333e-03
1.424153645833333e-03
9.579128689236111e-04
4.831949869791666e-04
0.000000000000000e+00
-4.916720920138889e-04
-9.918212890625000e-04
-1.500447591145833e-03
-2.017550998263889e-03
-2.543131510416667e-03
-3.077189127604167e-03
-3.619723849826389e-03
-4.170735677083333e-03
-4.721747504340278e-03
-5.281236436631944e-03
-5.849202473958333e-03
-6.425645616319444e-03
-7.002088758680555e-03
-7.587009006076389e-03
-8.171929253472222e-03
-8.765326605902778e-03
-9.358723958333334e-03
-9.960598415798610e-03
-1.056247287326389e-02
-1.117282443576389e-02
-1.178317599826389e-02
-1.239352756076389e-02
-1.300387912326389e-02
-1.362270779079861e-02
-1.423305935329861e-02
-1.485188802083333e-02
-1.546223958333333e-02
-1.608106825086806e-02
-1.669141981336806e-02
-1.731024848090278e-02
-1.792060004340278e-02
-1.852247450086806e-02
-1.913282606336806e-02
-1.973470052083333e-02
-2.032809787326389e-02
-2.092149522569444e-02
-2.151489257812500e-02
-2.209981282552083e-02
-2.267625596788194e-02
-2.324422200520833e-02
-2.381218804253472e-02
-2.436319986979166e-02
-2.491421169704861e-02
-2.545674641927083e-02
-2.599080403645833e-02
-2.650790744357639e-02
-2.702501085069444e-02
-2.752516004774306e-02
-2.801683213975694e-02
-2.849155002170139e-02
-2.895779079861111e-02
-2.941555447048611e-02
-2.985636393229166e-02
-3.028869628906250e-02
-3.069559733072916e-02
-3.109402126736111e-02
-3.148396809895834e-02
-3.184848361545139e-02
-3.220452202690972e-02
-3.253512912326389e-02
-3.285725911458334e-02
-3.315395779079861e-02
-3.344217936197916e-02
-3.370496961805555e-02
-3.395080566406250e-02
-3.417121039496528e-02
-3.438313802083334e-02
-3.456963433159722e-02
-3.473069932725694e-02
-3.487481011284722e-02
-3.500196668836805e-02
-3.509521484375000e-02
-3.517998589409722e-02
-3.523084852430555e-02
-3.526475694444444e-02
-3.527323404947916e-02
-3.525627983940972e-02
-3.522237141927084e-02
-3.515455457899305e-02
-3.506978352864584e-02
-3.495110405815972e-02
-3.481547037760416e-02
-3.465440538194444e-02
-3.445943196614584e-02
-3.424750434027778e-02
-3.400166829427084e-02
-3.373887803819444e-02
-3.344217936197916e-02
-3.312004937065972e-02
-3.277248806423611e-02
-3.239949544270834e-02
-3.199259440104166e-02
-3.156026204427084e-02
-3.110249837239583e-02
-3.061930338541666e-02
-3.011067708333333e-02
-2.956814236111111e-02
-2.900017632378472e-02
-2.840677897135416e-02
-2.777947319878472e-02
-2.713521321614583e-02
-2.645704481336806e-02
-2.575344509548611e-02
-2.502441406250000e-02
-2.426147460937500e-02
-2.348158094618056e-02
-2.266777886284722e-02
-2.182854546440972e-02
-2.096388075086806e-02
-2.007378472222222e-02
-1.915825737847222e-02
-1.821729871961806e-02
-1.725090874565972e-02
-1.625908745659722e-02
-1.524183485243056e-02
-1.419915093315972e-02
-1.313951280381944e-02
-1.204596625434028e-02
-1.093546549479167e-02
-9.808010525173610e-03
-8.655124240451388e-03
-7.476806640625000e-03
-6.281534830729166e-03
-5.060831705729167e-03
-3.823174370659722e-03
-2.568562825520833e-03
-1.296997070312500e-03
0.000000000000000e+00
1.313951280381944e-03
2.636379665798611e-03
3.984239366319444e-03
5.340576171875000e-03
6.713867187500000e-03
8.104112413194444e-03
9.502834743923610e-03
1.091851128472222e-02
1.234266493055556e-02
1.377529568142361e-02
1.522488064236111e-02
1.667446560329861e-02
1.814100477430556e-02
1.960754394531250e-02
2.109103732638889e-02
2.256605360243056e-02
2.405802408854166e-02
2.554999457465278e-02
2.704196506076389e-02
2.854241265190972e-02
3.003438313802083e-02
3.153483072916666e-02
3.302680121527778e-02
3.451877170138889e-02
3.601074218750000e-02
3.749423556857639e-02
3.897772894965278e-02
4.045274522569444e-02
4.191928439670139e-02
4.337734646267361e-02
4.482693142361111e-02
4.626803927951389e-02
4.769219292534722e-02
4.910786946614583e-02
5.050659179687500e-02
5.188835991753472e-02
5.326165093315972e-02
5.460951063368055e-02
5.594889322916666e-02
5.726284450954861e-02
5.855136447482639e-02
5.982293023003472e-02
6.107754177517361e-02
6.229824490017361e-02
6.350199381510417e-02
6.468031141493055e-02
6.582472059461805e-02
6.694369845920138e-02
6.802876790364583e-02
6.908840603298610e-02
7.012261284722222e-02
7.111443413628472e-02
7.207234700520833e-02
7.300482855902778e-02
7.389492458767360e-02
7.475111219618055e-02
7.556491427951388e-02
7.634480794270833e-02
7.708231608072917e-02
7.777743869357638e-02
7.843017578125000e-02
7.904052734375000e-02
7.961697048611110e-02
8.013407389322917e-02
8.061726888020833e-02
8.104960123697917e-02
8.143954806857638e-02
8.177015516493055e-02
8.205837673611110e-02
8.230421278211805e-02
8.249070909288195e-02
8.262634277343750e-02
8.271111382378472e-02
8.274502224392360e-02
8.272806803385417e-02
8.265177408854167e-02
8.252461751302083e-02
8.234659830729167e-02
8.210923936631945e-02
8.181254069010417e-02
8.145650227864583e-02
8.104960123697917e-02
8.058336046006945e-02
8.006625705295138e-02
7.948133680555555e-02
7.883707682291667e-02
7.814195421006945e-02
7.737901475694445e-02
7.656521267361110e-02
7.568359375000000e-02
7.475111219618055e-02
7.375081380208333e-02
7.269117567274305e-02
7.157219780815972e-02
7.039388020833333e-02
6.915622287326388e-02
6.785922580295138e-02
6.650288899739583e-02
6.508721245659722e-02
6.360371907552083e-02
6.206936306423611e-02
6.047566731770833e-02
5.881415473090278e-02
5.710177951388889e-02
5.533006456163194e-02
5.349900987413194e-02
5.161709255642361e-02
4.966735839843750e-02
4.766676161024305e-02
4.561530219184028e-02
4.350450303819444e-02
4.133436414930555e-02
3.912183973524305e-02
3.684997558593750e-02
3.451877170138889e-02
3.214518229166666e-02
2.972073025173611e-02
2.724541558159722e-02
2.471923828125000e-02
2.215067545572917e-02
1.953125000000000e-02
1.686943901909722e-02
1.416524251302083e-02
1.141018337673611e-02
8.621215820312500e-03
5.781385633680555e-03
2.907647026909722e-03
0.000000000000000e+00
-2.950032552083333e-03
-5.933973524305555e-03
-8.951822916666666e-03
-1.199510362413194e-02
-1.508076985677083e-02
-1.818339029947917e-02
-2.132839626736111e-02
-2.449035644531250e-02
-2.767774793836806e-02
-3.089057074652778e-02
-3.412034776475694e-02
-3.736707899305555e-02
-4.063924153645834e-02
-4.391988118489584e-02
-4.721747504340278e-02
-5.053202311197916e-02
-5.384657118055555e-02
-5.717807345920139e-02
-6.050957573784722e-02
-6.384955512152778e-02
-6.718953450520833e-02
-7.052951388888888e-02
-7.386949327256945e-02
-7.720099555121528e-02
-8.052402072482638e-02
-8.384704589843750e-02
-8.715311686197917e-02
-9.045071072048610e-02
-9.373135036892360e-02
-9.699503580729166e-02
-1.002332899305556e-01
-1.034545898437500e-01
-1.066504584418403e-01
-1.098208957248264e-01
-1.129659016927083e-01
-1.160769992404514e-01
-1.191541883680556e-01
-1.221974690755208e-01
-1.252068413628472e-01
-1.281653510199653e-01
-1.310899522569444e-01
-1.339636908637153e-01
-1.367950439453125e-01
-1.395755343967014e-01
-1.422966851128472e-01
-1.449754503038194e-01
-1.475863986545139e-01
-1.501464843750000e-01
-1.526387532552083e-01
-1.550716824001736e-01
-1.574367947048611e-01
-1.597340901692708e-01
-1.619635687934028e-01
-1.641167534722222e-01
-1.661936442057292e-01
-1.681942409939236e-01
-1.701100667317708e-01
-1.719495985243056e-01
-1.737043592664931e-01
-1.753743489583333e-01
-1.769510904947917e-01
-1.784345838758681e-01
-1.798333062065972e-01
-1.811303032769097e-01
-1.823255750868056e-01
-1.834275987413194e-01
-1.844278971354167e-01
-1.853264702690972e-01
-1.861233181423611e-01
-1.868014865451389e-01
-1.873779296875000e-01
-1.878441704644097e-01
-1.881917317708333e-01
-1.884290907118056e-01
-1.885477701822917e-01
-1.885477701822917e-01
-1.884290907118056e-01
-1.881917317708333e-01
-1.878272162543403e-01
-1.873355441623264e-01
-1.867251925998264e-01
-1.859792073567708e-01
-1.851060655381944e-01
-1.841057671440972e-01
-1.829698350694444e-01
-1.816982693142361e-01
-1.802995469835069e-01
-1.787651909722222e-01
-1.770867241753472e-01
-1.752726236979167e-01
-1.733228895399306e-01
-1.712375217013889e-01
-1.689995659722222e-01
-1.666259765625000e-01
-1.641167534722222e-01
-1.614549424913194e-01
-1.586574978298611e-01
-1.557074652777778e-01
-1.526217990451389e-01
-1.493835449218750e-01
-1.460011800130208e-01
-1.424747043185764e-01
-1.388041178385417e-01
-1.349809434678819e-01
-1.310221354166667e-01
-1.269022623697917e-01
-1.226467556423611e-01
-1.182386610243056e-01
-1.136864556206597e-01
-1.089901394314236e-01
-1.041412353515625e-01
-9.915669759114583e-02
-9.401957194010416e-02
-8.873833550347222e-02
-8.331298828125000e-02
-7.774353027343750e-02
-7.202996148003472e-02
-6.617228190104167e-02
-6.017896864149305e-02
-5.404154459635416e-02
-4.776000976562500e-02
-4.134284125434028e-02
-3.479003906250000e-02
-2.810160319010416e-02
-2.127753363715278e-02
-1.431783040364583e-02
-7.222493489583333e-03
0.000000000000000e+00
7.349650065104166e-03
1.483493381076389e-02
2.244737413194444e-02
3.017849392361111e-02
3.803677029079861e-02
4.601372612847222e-02
5.410936143663194e-02
6.233215332031250e-02
7.065667046440972e-02
7.910834418402778e-02
8.766174316406250e-02
9.632534450954860e-02
1.050991482204861e-01
1.139746771918403e-01
1.229519314236111e-01
1.320309109157986e-01
1.412116156684028e-01
1.504855685763889e-01
1.598442925347222e-01
1.692962646484375e-01
1.788414849175347e-01
1.884629991319444e-01
1.981692843967014e-01
2.079518636067708e-01
2.178107367621528e-01
2.277459038628472e-01
2.377404106987847e-01
2.478112114800347e-01
2.579413519965278e-01
2.681308322482639e-01
2.783796522352430e-01
2.886793348524305e-01
2.990298800998264e-01
3.094312879774305e-01
3.198750813802083e-01
3.303612603081597e-01
3.408813476562500e-01
3.514353434244792e-01
3.620147705078125e-01
3.726281060112847e-01
3.832583957248264e-01
3.939141167534722e-01
4.045867919921875e-01
4.152679443359375e-01
4.259575737847222e-01
4.366472032335069e-01
4.473453097873264e-01
4.580349392361111e-01
4.687245686848958e-01
4.794057210286458e-01
4.900699191623264e-01
5.007171630859375e-01
5.113389756944444e-01
5.219438340928819e-01
5.325147840711806e-01
5.430603027343750e-01
5.535634358723959e-01
5.640241834852431e-01
5.744510226779513e-01
5.848185221354166e-01
5.951436360677084e-01
6.054094102647569e-01
6.156243218315972e-01
6.257714165581597e-01
6.358506944444444e-01
6.458621554904513e-01
6.557973225911459e-01
6.656561957465278e-01
6.754387749565972e-01
6.851365831163194e-01
6.947411431206597e-01
7.042609320746528e-01
7.136789957682291e-01
7.230038113064235e-01
7.322269015842013e-01
7.413397894965278e-01
7.503424750434028e-01
7.592349582248263e-01
7.680172390407985e-01
7.766723632812500e-01
7.852088080512153e-01
7.936180962456597e-01
8.019002278645833e-01
8.100467258029513e-01
8.180660671657985e-01
8.259412977430556e-01
8.336724175347222e-01
8.412679036458333e-01
8.487108018663194e-01
8.560011121961806e-01
8.631388346354166e-01
8.701239691840278e-01
8.769565158420138e-01
8.836195203993056e-01
8.901214599609375e-01
8.964623345269097e-01
9.026251898871528e-01
9.086185031467013e-01
9.144422743055556e-01
9.200965033637153e-01
9.255642361111110e-01
9.308539496527778e-01
9.359656439887153e-01
9.408908420138888e-01
9.456295437282985e-01
9.501732720269097e-01
9.545389811197916e-01
9.587097167968750e-01
9.626854790581597e-01
9.664662679036458e-01
9.700520833333333e-01
9.734429253472222e-01
9.766387939453125e-01
9.796227349175347e-01
9.824201795789931e-01
9.850056966145833e-01
9.873877631293403e-01
9.895663791232638e-01
9.915415445963541e-01
9.933132595486110e-01
9.948730468750000e-01
9.962293836805556e-01
9.973822699652778e-01
9.983232286241319e-01
9.990522596571181e-01
9.995778401692708e-01
9.998914930555556e-01
9.999932183159722e-01
9.998914930555556e-01
9.995778401692708e-01
9.990522596571181e-01
9.983232286241319e-01
9.973822699652778e-01
9.962293836805556e-01
9.948730468750000e-01
9.933132595486110e-01
9.915415445963541e-01
9.895663791232638e-01
9.873877631293403e-01
9.850056966145833e-01
9.824201795789931e-01
9.796227349175347e-01
9.766387939453125e-01
9.734429253472222e-01
9.700520833333333e-01
9.664662679036458e-01
9.626854790581597e-01
9.587097167968750e-01
9.545389811197916e-01
9.501732720269097e-01
9.456295437282985e-01
9.408908420138888e-01
9.359656439887153e-01
9.308539496527778e-01
9.255642361111110e-01
9.200965033637153e-01
9.144422743055556e-01
9.086185031467013e-01
9.026251898871528e-01
8.964623345269097e-01
8.901214599609375e-01
8.836195203993056e-01
8.769565158420138e-01
8.701239691840278e-01
8.631388346354166e-01
8.560011121961806e-01
8.487108018663194e-01
8.412679036458333e-01
8.336724175347222e-01
8.259412977430556e-01
8.180660671657985e-01
8.100467258029513e-01
8.019002278645833e-01
7.936180962456597e-01
7.852088080512153e-01
7.766723632812500e-01
7.680172390407985e-01
7.592349582248263e-01
7.503424750434028e-01
7.413397894965278e-01
7.322269015842013e-01
7.230038113064235e-01
7.136789957682291e-01
7.042609320746528e-01
6.947411431206597e-01
6.851365831163194e-01
6.754387749565972e-01
6.656561957465278e-01
6.557973225911459e-01
6.458621554904513e-01
6.358506944444444e-01
6.257714165581597e-01
6.156243218315972e-01
6.054094102647569e-01
5.951436360677084e-01
5.848185221354166e-01
5.744510226779513e-01
5.640241834852431e-01
5.535634358723959e-01
5.430603027343750e-01
5.325147840711806e-01
5.219438340928819e-01
5.113389756944444e-01
5.007171630859375e-01
4.900699191623264e-01
4.794057210286458e-01
4.687245686848958e-01
4.580349392361111e-01
4.473453097873264e-01
4.366472032335069e-01
4.259575737847222e-01
4.152679443359375e-01
4.045867919921875e-01
3.939141167534722e-01
3.832583957248264e-01
3.726281060112847e-01
3.620147705078125e-01
3.514353434244792e-01
3.408813476562500e-01
3.303612603081597e-01
3.198750813802083e-01
3.094312879774305e-01
2.990298800998264e-01
2.886793348524305e-01
2.783796522352430e-01
2.681308322482639e-01
2.579413519965278e-01
2.478112114800347e-01
2.377404106987847e-01
2.277459038628472e-01
2.178107367621528e-01
2.079518636067708e-01
1.981692843967014e-01
1.884629991319444e-01
1.788414849175347e-01
1.692962646484375e-01
1.598442925347222e-01
1.504855685763889e-01
1.412116156684028e-01
1.320309109157986e-01
1.229519314236111e-01
1.139746771918403e-01
1.050991482204861e-01
9.632534450954860e-02
8.766174316406250e-02
7.910834418402778e-02
7.065667046440972e-02
6.233215332031250e-02
5.410936143663194e-02
4.601372612847222e-02
3.803677029079861e-02
3.017849392361111e-02
2.244737413194444e-02
1.483493381076389e-02
7.349650065104166e-03
0.000000000000000e+00
-7.222493489583333e-03
-1.431783040364583e-02
-2.127753363715278e-02
-2.810160319010416e-02
-3.479003906250000e-02
-4.134284125434028e-02
-4.776000976562500e-02
-5.404154459635416e-02
-6.017896864149305e-02
-6.617228190104167e-02
-7.202996148003472e-02
-7.774353027343750e-02
-8.331298828125000e-02
-8.873833550347222e-02
-9.401957194010416e-02
-9.915669759114583e-02
-1.041412353515625e-01
-1.089901394314236e-01
-1.136864556206597e-01
-1.182386610243056e-01
-1.226467556423611e-01
-1.269022623697917e-01
-1.310221354166667e-01
-1.349809434678819e-01
-1.388041178385417e-01
-1.424747043185764e-01
-1.460011800130208e-01
-1.493835449218750e-01
-1.526217990451389e-01
-1.557074652777778e-01
-1.586574978298611e-01
-1.614549424913194e-01
-1.641167534722222e-01
-1.666259765625000e-01
-1.689995659722222e-01
-1.712375217013889e-01
-1.733228895399306e-01
-1.752726236979167e-01
-1.770867241753472e-01
-1.787651909722222e-01
-1.802995469835069e-01
-1.816982693142361e-01
-1.829698350694444e-01
-1.841057671440972e-01
-1.851060655381944e-01
-1.859792073567708e-01
-1.867251925998264e-01
-1.873355441623264e-01
-1.878272162543403e-01
-1.881917317708333e-01
-1.884290907118056e-01
-1.885477701822917e-01
-1.885477701822917e-01
-1.884290907118056e-01
-1.881917317708333e-01
-1.878441704644097e-01
-1.873779296875000e-01
-1.868014865451389e-01
-1.861233181423611e-01
-1.853264702690972e-01
-1.844278971354167e-01
-1.834275987413194e-01
-1.823255750868056e-01
-1.811303032769097e-01
-1.798333062065972e-01
-1.784345838758681e-01
-1.769510904947917e-01
-1.753743489583333e-01
-1.737043592664931e-01
-1.719495985243056e-01
-1.701100667317708e-01
-1.681942409939236e-01
-1.661936442057292e-01
-1.641167534722222e-01
-1.619635687934028e-01
-1.597340901692708e-01
-1.574367947048611e-01
-1.550716824001736e-01
-1.526387532552083e-01
-1.501464843750000e-01
-1.475863986545139e-01
-1.449754503038194e-01
-1.422966851128472e-01
-1.395755343967014e-01
-1.367950439453125e-01
-1.339636908637153e-01
-1.310899522569444e-01
-1.281653510199653e-01
-1.252068413628472e-01
-1.221974690755208e-01
-1.191541883680556e-01
-1.160769992404514e-01
-1.129659016927083e-01
-1.098208957248264e-01
-1.066504584418403e-01
-1.034545898437500e-01
-1.002332899305556e-01
-9.699503580729166e-02
-9.373135036892360e-02
-9.045071072048610e-02
-8.715311686197917e-02
-8.384704589843750e-02
-8.052402072482638e-02
-7.720099555121528e-02
-7.386949327256945e-02
-7.052951388888888e-02
-6.718953450520833e-02
-6.384955512152778e-02
-6.050957573784722e-02
-5.717807345920139e-02
-5.384657118055555e-02
-5.053202311197916e-02
-4.721747504340278e-02
-4.391988118489584e-02
-4.063924153645834e-02
-3.736707899305555e-02
-3.412034776475694e-02
-3.089057074652778e-02
-2.767774793836806e-02
-2.449035644531250e-02
-2.132839626736111e-02
-1.818339029947917e-02
-1.508076985677083e-02
-1.199510362413194e-02
-8.951822916666666e-03
-5.933973524305555e-03
-2.950032552083333e-03
0.000000000000000e+00
2.907647026909722e-03
5.781385633680555e-03
8.621215820312500e-03
1.141018337673611e-02
1.416524251302083e-02
1.686943901909722e-02
1.953125000000000e-02
2.215067545572917e-02
2.471923828125000e-02
2.724541558159722e-02
2.972073025173611e-02
3.214518229166666e-02
3.451877170138889e-02
3.684997558593750e-02
3.912183973524305e-02
4.133436414930555e-02
4.350450303819444e-02
4.561530219184028e-02
4.766676161024305e-02
4.966735839843750e-02
5.161709255642361e-02
5.349900987413194e-02
5.533006456163194e-02
5.710177951388889e-02
5.881415473090278e-02
6.047566731770833e-02
6.206936306423611e-02
6.360371907552083e-02
6.508721245659722e-02
6.650288899739583e-02
6.785922580295138e-02
6.915622287326388e-02
7.039388020833333e-02
7.157219780815972e-02
7.269117567274305e-02
7.375081380208333e-02
7.475111219618055e-02
7.568359375000000e-02
7.656521267361110e-02
7.737901475694445e-02
7.814195421006945e-02
7.883707682291667e-02
7.948133680555555e-02
8.006625705295138e-02
8.058336046006945e-02
8.104960123697917e-02
8.145650227864583e-02
8.181254069010417e-02
8.210923936631945e-02
8.234659830729167e-02
8.252461751302083e-02
8.265177408854167e-02
8.272806803385417e-02
8.274502224392360e-02
8.271111382378472e-02
8.262634277343750e-02
8.249070909288195e-02
8.230421278211805e-02
8.205837673611110e-02
8.177015516493055e-02
8.143954806857638e-02
8.104960123697917e-02
8.061726888020833e-02
8.013407389322917e-02
7.961697048611110e-02
7.904052734375000e-02
7.843017578125000e-02
7.777743869357638e-02
7.708231608072917e-02
7.634480794270833e-02
7.556491427951388e-02
7.475111219618055e-02
7.389492458767360e-02
7.300482855902778e-02
7.207234700520833e-02
7.111443413628472e-02
7.012261284722222e-02
6.908840603298610e-02
6.802876790364583e-02
6.694369845920138e-02
6.582472059461805e-02
6.468031141493055e-02
6.350199381510417e-02
6.229824490017361e-02
6.107754177517361e-02
5.982293023003472e-02
5.855136447482639e-02
5.726284450954861e-02
5.594889322916666e-02
5.460951063368055e-02
5.326165093315972e-02
5.188835991753472e-02
5.050659179687500e-02
4.910786946614583e-02
4.769219292534722e-02
4.626803927951389e-02
4.482693142361111e-02
4.337734646267361e-02
4.191928439670139e-02
4.045274522569444e-02
3.897772894965278e-02
3.749423556857639e-02
3.601074218750000e-02
3.451877170138889e-02
3.302680121527778e-02
3.153483072916666e-02
3.003438313802083e-02
2.854241265190972e-02
2.704196506076389e-02
2.554999457465278e-02
2.405802408854166e-02
2.256605360243056e-02
2.109103732638889e-02
1.960754394531250e-02
1.814100477430556e-02
1.667446560329861e-02
1.522488064236111e-02
1.377529568142361e-02
1.234266493055556e-02
1.091851128472222e-02
9.502834743923610e-03
8.104112413194444e-03
6.713867187500000e-03
5.340576171875000e-03
3.984239366319444e-03
2.636379665798611e-03
1.313951280381944e-03
0.000000000000000e+00
-1.296997070312500e-03
-2.568562825520833e-03
-3.823174370659722e-03
-5.060831705729167e-03
-6.281534830729166e-03
-7.476806640625000e-03
-8.655124240451388e-03
-9.808010525173610e-03
-1.093546549479167e-02
-1.204596625434028e-02
-1.313951280381944e-02
-1.419915093315972e-02
-1.524183485243056e-02
-1.625908745659722e-02
-1.725090874565972e-02
-1.821729871961806e-02
-1.915825737847222e-02
-2.007378472222222e-02
-2.096388075086806e-02
-2.182854546440972e-02
-2.266777886284722e-02
-2.348158094618056e-02
-2.426147460937500e-02
-2.502441406250000e-02
-2.575344509548611e-02
-2.645704481336806e-02
-2.713521321614583e-02
-2.777947319878472e-02
-2.840677897135416e-02
-2.900017632378472e-02
-2.956814236111111e-02
-3.011067708333333e-02
-3.061930338541666e-02
-3.110249837239583e-02
-3.156026204427084e-02
-3.199259440104166e-02
-3.239949544270834e-02
-3.277248806423611e-02
-3.312004937065972e-02
-3.344217936197916e-02
-3.373887803819444e-02
-3.400166829427084e-02
-3.424750434027778e-02
-3.445943196614584e-02
-3.465440538194444e-02
-3.481547037760416e-02
-3.495110405815972e-02
-3.506978352864584e-02
-3.515455457899305e-02
-3.522237141927084e-02
-3.525627983940972e-02
-3.527323404947916e-02
-3.526475694444444e-02
-3.523084852430555e-02
-3.517998589409722e-02
-3.509521484375000e-02
-3.500196668836805e-02
-3.487481011284722e-02
-3.473069932725694e-02
-3.456963433159722e-02
-3.438313802083334e-02
-3.417121039496528e-02
-3.395080566406250e-02
-3.370496961805555e-02
-3.344217936197916e-02
-3.315395779079861e-02
-3.285725911458334e-02
-3.253512912326389e-02
-3.220452202690972e-02
-3.184848361545139e-02
-3.148396809895834e-02
-3.109402126736111e-02
-3.069559733072916e-02
-3.028869628906250e-02
-2.985636393229166e-02
-2.941555447048611e-02
-2.895779079861111e-02
-2.849155002170139e-02
-2.801683213975694e-02
-2.752516004774306e-02
-2.702501085069444e-02
-2.650790744357639e-02
-2.599080403645833e-02
-2.545674641927083e-02
-2.491421169704861e-02
-2.436319986979166e-02
-2.381218804253472e-02
-2.324422200520833e-02
-2.267625596788194e-02
-2.209981282552083e-02
-2.151489257812500e-02
-2.092149522569444e-02
-2.032809787326389e-02
-1.973470052083333e-02
-1.913282606336806e-02
-1.852247450086806e-02
-1.792060004340278e-02
-1.731024848090278e-02
-1.669141981336806e-02
-1.608106825086806e-02
-1.546223958333333e-02
-1.485188802083333e-02
-1.423305935329861e-02
-1.362270779079861e-02
-1.300387912326389e-02
-1.239352756076389e-02
-1.178317599826389e-02
-1.117282443576389e-02
-1.056247287326389e-02
-9.960598415798610e-03
-9.358723958333334e-03
-8.765326605902778e-03
-8.171929253472222e-03
-7.587009006076389e-03
-7.002088758680555e-03
-6.425645616319444e-03
-5.849202473958333e-03
-5.281236436631944e-03
-4.721747504340278e-03
-4.170735677083333e-03
-3.619723849826389e-03
-3.077189127604167e-03
-2.543131510416667e-03
-2.017550998263889e-03
-1.500447591145833e-03
-9.918212890625000e-04
-4.916720920138889e-04
0.000000000000000e+00
4.831949869791666e-04
9.579128689236111e-04
1.424153645833333e-03
1.881917317708333e-03
2.322726779513889e-03
2.763536241319444e-03
3.187391493055556e-03
3.602769639756944e-03
4.009670681423611e-03
4.408094618055555e-03
4.798041449652778e-03
5.171034071180555e-03
5.535549587673611e-03
5.891587999131944e-03
6.230672200520833e-03
6.561279296875000e-03
6.883409288194444e-03
7.188585069444444e-03
7.493760850694444e-03
7.781982421875000e-03
8.053249782986110e-03
8.316040039062500e-03
8.570353190104166e-03
8.816189236111110e-03
9.045071072048610e-03
9.265475802951388e-03
9.477403428819444e-03
9.672376844618056e-03
9.867350260416666e-03
1.003689236111111e-02
1.020643446180556e-02
1.035902235243056e-02
1.050313313802083e-02
1.063876681857639e-02
1.075744628906250e-02
1.087612575954861e-02
1.097785101996528e-02
1.106262207031250e-02
1.114739312065972e-02
1.121520996093750e-02
1.128302680121528e-02
1.133388943142361e-02
1.137627495659722e-02
1.141018337673611e-02
1.143561469184028e-02
1.144409179687500e-02
1.145256890190972e-02
1.145256890190972e-02
1.143561469184028e-02
1.141866048177083e-02
1.138475206163194e-02
1.135084364149306e-02
1.130845811631944e-02
1.125759548611111e-02
1.119825575086806e-02
1.113043891059028e-02
1.105414496527778e-02
1.097785101996528e-02
1.088460286458333e-02
1.079135470920139e-02
1.069810655381944e-02
1.058790418836806e-02
1.047770182291667e-02
1.035902235243056e-02
1.023186577690972e-02
1.010470920138889e-02
9.977552625868056e-03
9.833441840277778e-03
9.697808159722222e-03
9.545220269097222e-03
9.392632378472222e-03
9.240044487847222e-03
9.087456597222222e-03
8.917914496527778e-03
8.756849500868056e-03
8.587307400173610e-03
8.417765299479166e-03
8.239746093750000e-03
8.070203993055556e-03
7.892184787326388e-03
7.705688476562500e-03
7.527669270833333e-03
7.341172960069444e-03
7.154676649305555e-03
6.968180338541666e-03
6.781684027777778e-03
6.595187717013889e-03
6.408691406250000e-03
6.222195095486111e-03
6.027221679687500e-03
5.840725368923611e-03
5.654229058159722e-03
5.459255642361111e-03
5.272759331597222e-03
5.086263020833333e-03
4.899766710069444e-03
4.713270399305555e-03
4.526774088541667e-03
4.340277777777778e-03
4.153781467013889e-03
3.975762261284722e-03
3.797743055555556e-03
3.611246744791667e-03
3.441704644097222e-03
3.263685438368056e-03
3.094143337673611e-03
2.924601236979167e-03
2.755059136284722e-03
2.585517035590278e-03
2.424452039930556e-03
2.263387044270833e-03
2.102322048611111e-03
1.949734157986111e-03
1.797146267361111e-03
1.644558376736111e-03
1.500447591145833e-03
1.356336805555556e-03
1.220703125000000e-03
1.085069444444444e-03
9.494357638888889e-04
8.138020833333333e-04
6.866455078125000e-04
5.679660373263889e-04
4.492865668402778e-04
3.306070963541667e-04
2.204047309027778e-04
1.102023654513889e-04
0.000000000000000e+00
-1.017252604166667e-04
-2.034505208333333e-04
-2.966986762152778e-04
-3.899468315972222e-04
-4.831949869791666e-04
-5.679660373263889e-04
-6.442599826388889e-04
-7.205539279513889e-04
-7.968478732638889e-04
-8.731418185763889e-04
-9.409586588541666e-04
-1.000298394097222e-03
-1.059638129340278e-03
-1.118977864583333e-03
-1.178317599826389e-03
-1.229180230034722e-03
-1.271565755208333e-03
-1.313951280381944e-03
-1.356336805555556e-03
-1.398722330729167e-03
-1.432630750868056e-03
-1.466539171006944e-03
-1.491970486111111e-03
-1.517401801215278e-03
-1.542833116319444e-03
-1.559787326388889e-03
-1.585218641493056e-03
-1.593695746527778e-03
-1.610649956597222e-03
-1.619127061631944e-03
-1.627604166666667e-03
-1.627604166666667e-03
-1.636081271701389e-03
-1.636081271701389e-03
-1.636081271701389e-03
-1.627604166666667e-03
-1.627604166666667e-03
-1.619127061631944e-03
-1.610649956597222e-03
-1.593695746527778e-03
-1.585218641493056e-03
-1.568264431423611e-03
-1.551310221354167e-03
-1.534356011284722e-03
-1.517401801215278e-03
-1.491970486111111e-03
-1.475016276041667e-03
-1.449584960937500e-03
-1.424153645833333e-03
-1.407199435763889e-03
-1.373291015625000e-03
-1.347859700520833e-03
-1.322428385416667e-03
-1.296997070312500e-03
-1.263088650173611e-03
-1.237657335069444e-03
-1.203748914930556e-03
-1.178317599826389e-03
-1.144409179687500e-03
-1.110500759548611e-03
-1.085069444444444e-03
-1.051161024305556e-03
-1.017252604166667e-03
-9.833441840277778e-04
-9.579128689236111e-04
-9.240044487847222e-04
-8.900960286458333e-04
-8.561876085069444e-04
-8.222791883680555e-04
-7.968478732638889e-04
-7.629394531250000e-04
-7.290310329861111e-04
-7.035997178819444e-04
-6.696912977430555e-04
-6.442599826388889e-04
-6.103515625000000e-04
-5.849202473958334e-04
-5.594889322916666e-04
-5.255805121527778e-04
-5.001491970486111e-04
-4.747178819444444e-04
-4.492865668402778e-04
-4.238552517361111e-04
-3.984239366319444e-04
-3.814697265625000e-04
-3.560384114583333e-04
-3.306070963541667e-04
-3.136528862847222e-04
-2.882215711805556e-04
-2.712673611111111e-04
-2.543131510416667e-04
-2.288818359375000e-04
-2.119276258680556e-04
-1.949734157986111e-04
-1.864963107638889e-04
-1.695421006944444e-04
-1.525878906250000e-04
-1.356336805555556e-04
-1.271565755208333e-04
-1.102023654513889e-04
-1.017252604166667e-04
-9.324815538194444e-05
-8.477105034722222e-05
-7.629394531250000e-05
-6.781684027777778e-05
-5.933973524305555e-05
-5.086263020833333e-05
-4.238552517361111e-05
-3.390842013888889e-05
-3.390842013888889e-05
-2.543131510416666e-05
-2.543131510416666e-05
-1.695421006944445e-05
-1.695421006944445e-05
-8.477105034722223e-06
-8.477105034722223e-06
-8.477105034722223e-06
-8.477105034722223e-06
0.000000000000000e+00
0.000000000000000e+00
0.000000000000000e+00
0.000000000000000e+00
0.000000000000000e+00
0.000000000000000e+00
0.000000000000000e+00
0.000000000000000e+00
0.000000000000000e+00
0.000000000000000e+00
